weights =

    1.5987
   -2.8384
   -2.2421
    1.8192
   -1.9486
   -1.9222
    2.2666
    0.7581
    1.8276
   -0.6699