weights =

   -0.6162
   -5.7813
    8.1797
    2.4090
    4.0528
   -6.7659
   -3.9030
    1.3747
    1.7164
    3.3899