weights =

    6.8557
   -1.6466
    1.3423
   -1.3268
   -3.4512
   -0.9898
   -0.6280
    1.8935
    0.1945
   -1.4745